# Created by Octave 3.8.0, Wed Dec 23 21:14:07 2015 EST <raandrew@RAANDREW0315-MBPRO.local>
# name: all_theta
# type: matrix
# rows: 10
# columns: 401
 -3.411999492146147 0 0 9.466163635822164e-05 -0.0008748160467186442 -0.0009531141460595348 0.001566245475092698 -0.01903217954084322 -0.00148261645031212 0.0006151157437105386 0.0004778398806809432 6.629747310128539e-05 0.0004470911022798047 0.001999983478134218 0.001675859547872055 0.00446466146642613 0.005877772236863635 0.0004950695137414996 -8.396292994124057e-05 -8.437143725487766e-08 0 -1.523962807199273e-08 9.83736084732163e-06 -0.00119875906377659 0.009967442246659465 0.01142171596708616 0.002148805985651159 -0.02542842728394178 -3.738064979460809e-05 0.001257191503922879 -0.009410176717151591 -0.001154425024314096 -0.005027037121122802 -0.02193949333144944 -0.0126207248477632 -0.04010430682189712 -0.05499017163633464 0.006834210847217625 0.01047884179178011 0.0003197772404063317 0.0001763976854868122 1.232692936663365e-07 -0.0003078496903591289 0.0003238679869375192 0.02902094961176333 0.07210944372365981 0.1077485480184442 0.1062626585863948 -0.05942328877017258 -0.09169700607473835 -0.02279817376377169 -0.0410832462686627 -0.005700408958077672 -0.06762478372159196 -0.1843793965986726 -0.2952770832679217 -0.2259264434255287 -0.04456704604851375 0.05599585432362818 0.000804705770520015 -0.0003705604186821444 6.213793387935655e-07 0.001514036976541926 0.005063621350528287 -0.1851273375431647 -0.6716246511051502 -1.028883054570126 -1.387248428678137 -0.8187281262803029 -0.9161631222088784 -0.08860082235378171 0.3722339763947229 -0.1188864404507491 0.007273955637713574 -0.5572226453254603 -0.762331511441714 -1.163868877171001 -1.602910047605297 -1.53667638534523 -0.03281382847271155 -0.01818376561419365 1.374890115427219e-06 0.007543903406842478 -0.05493925395214269 -0.1930244367088991 -0.5319970964227221 -3.266152026527518 -2.471026557014201 0.01046963643034596 1.51187911418211 2.25948780530678 -0.008757281413600809 -0.5527908167480668 0.16892986587503 -1.045193677341665 -1.145558386905046 1.972585916020646 0.1395323188503959 -1.426611439369365 -0.2502611338520374 -0.04069395210897114 -1.595210003269082e-05 -0.01692955954607207 -0.1412221707382629 1.696522299158684 0.07746953467038357 -0.8376686226665307 -1.574590674296147 -0.9360630113804811 2.510402071594023 1.653266525560858 -2.28990278773633 -1.398383408691166 -0.0957073948943587 -1.630701054231594 -1.761136378244139 4.215322498487081 0.9497871351236168 -3.492105325325284 -0.7138160218708366 -0.0475716025185685 -0.0001655884887578684 0.01524838773948196 -0.8731513550193558 -0.3693128109229892 -0.6176316602651046 -1.492635221653687 -0.6231489188211615 -1.104988319667935 -0.695550125947052 -1.273821209211121 -1.036298459602181 -0.7078411128060973 -0.1627910006771457 -0.8960534963852613 -1.952006615480509 -2.065168504131219 -0.01712823495498079 -1.917551024729315 -1.187414185616152 -0.0302590515923848 -0.000909518028386911 0.05170217643739246 -1.710386427192032 -2.916936912304157 -0.8738184023913066 -1.113592215723667 0.1071283800431872 -0.8511778258847534 0.8764067432824294 -2.332759959336291 -2.388659540824737 -1.289556304827142 -2.503149188667389 1.636421644340471 2.438585628980597 -0.9374457588953773 0.04905067375920345 0.1072932412967958 -2.695010946153818 0.003909381070015113 0.02223603483513937 -0.2749061561100153 -1.342531155829403 -0.5477090235985479 -1.983747108344278 -1.447345082338613 0.1888794974977448 0.09426206867331879 -0.3888861676887991 -2.254930914956714 -0.4482582958093566 0.7463038297637714 -0.8275332955032808 -2.128430344713998 0.5728301413847758 -0.06823762807039313 -0.99220207552092 -1.662152815987199 -3.160064001625178 -0.472325760290223 0.04610091724254982 -0.5233275864698841 -0.2446096603843331 -0.7933243746190453 -0.9420924612961135 -0.4151724126654414 -0.2338028266664276 0.2268687252762226 0.4998962597825425 0.4415673129899301 1.048734216128175 0.6275437169025403 1.013702949079395 0.7410790855504454 0.2105961855248558 -1.485908254557569 -0.1767718029407345 -0.2259624247165778 -2.327313955798975 -0.1330103139801193 0.0303903406176715 -0.2903905734917418 0.8165953043919483 -1.590110762356662 -2.610589148247753 0.4184204244636698 -0.4693190311521661 0.5401671020572232 3.045685725844996 3.020310485342411 2.154723769457532 2.528766776295849 -0.1302516247831056 1.411966090315626 -0.1118999726194574 0.1552121413427286 -0.3028223765953422 -1.62172314446664 -1.787368369144009 0.05506719029257721 0.008778516277456317 -0.1701586507575413 0.5370730008671992 2.346979505266478 0.7756552419895547 -0.4627487414395945 -1.006563433644776 2.001305869438748 1.36235228378407 0.4515762675142361 -1.17077428829614 0.2103969126109958 -1.969256411193268 -1.188354451689284 0.7309268846342643 0.9602372798109213 0.8793129084947483 -2.974133503948505 -1.994346567581363 -0.0513288384451515 0.02321774562121875 -0.1949037314048837 -2.518253400484777 -3.059999741171438 -1.582732699169324 -2.123825908811803 -0.4328877415441119 0.04950041510873301 0.1139443971798633 0.08640857269358242 0.9533329602693428 1.308627570736625 -0.9246836694247326 -0.8056592462161075 -1.357488774078728 -1.376040023533201 2.375747339165699 0.775112107064691 -0.9686179727122681 -0.1243960866620867 0.01835775433832507 -0.255547164955947 -0.927767577727626 1.703054610934524 0.674863472051773 1.992923598394865 -0.9878928456249967 -1.329442352784323 1.465196064945992 -1.456178207806668 -1.333996314193276 -2.67391263789669 -1.451860095342229 1.362619303970649 1.777082494220169 -0.9005920316284199 1.305085957741504 0.3302166652651894 -0.8434103865666033 -0.04149883017295997 0.002581085661349465 -0.01605945200430218 -0.5650095369236967 -0.6895249449879031 -0.3151703227889103 -0.6590535008009449 -1.076578568822524 -0.6949205715014409 -2.474674711056465 -2.226850848297793 -1.124696627957261 -2.089932587204681 -1.484923575321857 2.008420095518726 -0.9525092563091146 -0.2485172027404925 2.382604951607493 -1.349478106087535 -0.7500372278503762 -0.04490559787497977 -0.0001745028325074378 0.02004664688257957 -0.1796574888516388 -1.380511175397914 -1.302400450195123 1.10745187222979 -0.2762733900151433 -1.534780437436139 -1.288766059456903 -0.967520154181385 -1.382110233290305 -1.79830158538144 -1.688731138728228 -1.532958401237427 -0.6896501590551436 0.6005123003177709 0.104824444572618 -1.55430448837634 -0.01705628981996535 -0.008923004859473706 -1.227645941754548e-05 -0.01255860916987706 0.08758729037153413 0.7080751823474279 -1.130221398506364 -1.056758244937132 -1.236452074237514 -1.004677332686062 -0.4702600328429248 -0.3203310397913053 -0.1802126824406194 -0.3278580098083222 -0.9360206572221617 0.3161438928842394 0.8663001456623959 0.1491848669494568 -0.6657898160591371 -0.483457268543521 -0.01171275491277184 -0.007495966429660097 8.879401411999075e-06 -0.006318903754877259 0.04303069435860992 0.3898362002572575 -1.0597860993101 -1.468565651225118 -0.7258728238774124 0.03312446674722446 -0.0005142926510693605 -0.2783254324200981 -0.03752205099691026 -0.1168693721252962 -0.3350055162757249 0.5815866062481989 2.641729170161562 2.918373148090263 0.6811438236495895 -0.2470824897256016 -0.01356074257422756 0.0001948177725926204 -3.106953911660012e-07 0.0007887932576365272 0.002981931645850903 -0.1002225445917369 -0.3998260768765453 -0.1398265049425886 -0.1650807885432017 0.7127672162145134 0.5415252520602877 -0.1379248908089656 0.2802257871724528 0.03868590548676237 -0.1055278059467824 0.001489963921983527 0.5683397494727266 1.868236640280266 0.4905622351586336 -0.04965551166686172 0.0007762824462034904 9.745705649487288e-05 0 -4.475456887036849e-05 0.001112944125322967 -0.006196050606488897 0.01168896220777549 -0.004293613956344134 0.006577329007331293 -0.06737663562124033 -0.05963343646433353 0.004644435443235939 0.04991464070435597 0.001587511681634392 0.07054495020864085 0.3563331068135103 -0.01598100652034568 -0.1705446192107821 -0.04258999101306798 0.005276299155287543 